## Practice Script

### Tea and Scones example from Pearl-2018

customer <- c(1, 2, 3, 4, 5, 6, 7, 8, 9, 10, 11, 12)

tea <- c(1, 0, 0, 0, 1, 1, 1, 1, 1, 1, 0, 1)

scones <- c(1, 1, 0, 0, 1, 0, 0, 1, 0, 0, 0, 1)

## P(T) = 8/12
## P(S) = 5/12
